Directory: A
7667.591588250725
1
23570.67251910406
1
52022.27120641555
1
67136.05352229899
1
65686.94015602453
1
65477.530996430636
1
72169.47045263884
1
61666.08470801191
1
64081.62624660635
1
23816.103599933704
1
-22261.873372965514
-1
Directory: B
23197.52932053205
1
32419.742420195194
1
23142.144272662117
1
50720.745712092044
1
50806.99528591854
1
48012.60300963686
1
47246.06091561967
1
44949.135077491985
1
37941.97538606293
1
-9760.028340157442
-1
-92100.92566217642
-1
Directory: C
21727.526015250303
1
7059.162569650769
1
23412.065291695355
1
32085.286961194637
1
24756.67169284189
1
42829.02567262101
1
36122.507678415204
1
46417.8181706795
1
50978.330991099894
1
-46788.32114359066
-1
-57347.652473638045
-1
Directory: D
15054.480527170002
1
17670.56552042217
1
23284.613814425946
1
38290.3930779152
1
38245.000868571384
1
29040.387860321338
1
23403.71810074334
1
49175.08435620462
1
43761.763669511434
1
-22808.16731743729
-1
-12127.509726040807
-1
Directory: E
3284.496470261787
1
10627.171651767901
1
6739.1724428172165
1
49503.71572962386
1
50334.5635654456
1
46479.8221990475
1
41379.064949247215
1
49336.15221295599
1
45857.308813450305
1
-32710.961149274997
-1
-62862.38408786779
-1
Directory: F
2730.9437671053893
1
7816.582277210153
1
20083.782115183873
1
70880.59895908061
1
70101.97175033271
1
70376.10562588464
1
71073.81180106691
1
72801.92919781958
1
72735.85032598572
1
-34419.928014539786
-1
-52954.9448141369
-1
Directory: G
2860.5201543885196
1
14603.264992134704
1
25515.405347048683
1
57245.64324335003
1
64407.18538260349
1
59044.600537597085
1
56319.79459520336
1
58526.88708181796
1
56733.67321504059
1
-18798.170961428084
-1
-120055.84588588521
-1
Directory: H
32091.576270316364
1
45650.29178988424
1
24331.564819006133
1
54466.512544307596
1
55726.40584399438
1
62354.04597756878
1
69173.53256341012
1
68743.83459902939
1
58072.07073238818
1
-34323.46972288035
-1
-78026.91793693883
-1
Directory: I
23874.716441531258
1
42087.004442774196
1
18610.714808383622
1
62856.02236528444
1
49984.437669481486
1
19237.03035077722
1
58089.625371186004
1
69740.85774405196
1
68061.04255602683
1
-30932.837251893216
-1
-88325.35967925996
-1
Directory: J
68795.64548794884
1
66080.271836283
1
8477.074735605973
1
25701.212631103263
1
29901.531778701377
1
42335.579850523136
1
42849.976296436056
1
52421.10390587695
1
38697.17665861282
1
-18465.101764641622
-1
-51993.940074933154
-1
Directory: Other
-3605.806723048532
-1
-48655.38884492322
-1e
-63167.86546035324
-1
-89197.25713759627
-1
-19386.16044305906
-1
-102043.76269508351
-1
-24180.60531597554
-1
-72411.23890261601
-1
-89470.09411499949
-1
-35613.1977892166
-1
-84966.87633582919
-1
-81014.97325801094
-1
-68652.16444172693
-1
-106528.4744025622
-1
-83120.59553147225
-1
-13804.35263273125
-1
-13745.81903547411
-1
-66533.84307351864
-1
-37313.44300913524
-1
-69150.68617635037
-1
-8210.938258649054
-1
-76456.04062688071
-1
-19934.603957769337
-1
-88034.81025510893
-1
-84691.74303640914
-1
-1453.7325008164917
-1
-162331.63593392243
-1
-95290.72088157843
-1
-107502.36283016298
-1
-59396.05927501527
-1