Directory: A
[ 9.30193682  4.90747338 -0.25017987  1.7850657   3.78879513  2.77835326
  0.75065721  8.21584896  7.09820595  6.00622045]
0.0
[ 9.30126227  5.02757731 -0.2417114   1.7713038   2.77041585  3.77570052
  0.75245322  8.20626022  6.08555112  7.11506716]
0.0
[ 9.29976926  4.92988989 -0.25411096  2.81472158  1.78433582  3.79829353
  0.75932334  7.14054163  7.08483718  7.13567596]
0.0
[ 9.29859364  4.89545267 -0.25385198  2.79920182  2.77956645  2.79211303
  0.76317477  8.20182654  6.07329783  7.14995093]
0.0
[ 9.29946101  4.9440596  -0.2549914   1.78340636  3.78157529  2.78741352
  0.76221148  7.18421291  6.08704384  8.16932862]
0.0
[ 9.29993697  4.88896863 -0.25779259  1.782468    3.78593676  2.78276797
  0.76511082  7.18512475  6.09288305  8.18358353]
0.0
[ 9.30013748  5.04877987 -0.25691753  2.78221473  2.77771429  2.78118049
  0.76100424  7.1742653   6.03749324  8.18569484]
0.0
[ 9.30158718  4.93873501 -0.25781861  1.78055608  3.78274246  2.78391833
  0.76050301  7.18116621  7.09291219  7.14350977]
0.0
[ 9.29847827  4.88785634 -0.25276203  2.81433904  1.77171826  3.79854026
  0.76782643  8.19167917  6.05669557  7.14561421]
0.0
[ 9.28105165  4.97637087 -0.25960366  0.77366077  1.8001414   3.88765172
  2.85202127  7.19680099  5.93088378  8.22077022]
0.0
[ 9.28240753  3.87445687  2.81719123  4.8559866   0.75511187  1.79110136
 -0.23641669  8.24840922  7.11407361  6.10742316]
0.0
Directory: B
[-0.26472394  9.30160894  3.80865494  6.1252231   6.02570484  6.14201441
  1.76904319  8.21731113  2.7758024   0.74434045]
1.0
[-0.26427104  9.29567687  3.8092048   5.00492904  7.14746463  6.19818596
  1.7742796   8.21747119  2.78718671  0.75051691]
1.0
[-0.2681988   9.30215035  3.85808054  7.18158748  8.2262652   6.16350688
  2.78654738  5.04702665  0.73136664  1.74356016]
1.0
[-0.27587223  9.29525502  3.82442908  8.20222875  6.14831953  6.18197523
  2.78135343  6.16801715  1.77202795  0.76668913]
1.0
[-0.27464067  9.29589389  3.84188063  8.20870782  6.11655907  6.17944452
  2.77555276  6.16220689  1.77014595  0.76571711]
1.0
[-0.27542039  9.29004236  3.85791585  7.19312946  6.14925914  7.22712232
  2.79600945  6.18281422  1.76105395  0.75839851]
1.0
[-0.27561493  9.28895431  3.84103829  7.20254234  5.11860769  8.23340973
  2.78786339  6.1880838   1.7675488   0.76186463]
1.0
[-0.27383157  9.29542452  3.83510378  8.20671199  6.08519935  6.20230159
  2.78165513  6.1938143   1.75964468  0.75831699]
1.0
[-0.27596724  9.2995682   3.82021578  8.18940055  6.15518389  6.18404469
  2.77489675  6.20642757  1.7527236   0.75033934]
1.0
[-0.26685984  7.23132047  2.84202322  5.12421001  6.17670459  9.24344422
  0.76365297  8.23943618  2.82883395  2.84781357]
5.0
[-0.24991076  9.27969455  0.74154896  1.77422317  6.12777901  8.24715102
  2.85829261  7.21996753  4.91759263  3.83087571]
1.0
Directory: C
[-0.26264754  4.96019343  9.2961389   8.21339167  3.83100178  6.12189953
  7.12788404  2.82902327  1.76320832  0.76044423]
2.0
[-0.27461594  6.09956514  9.30348547  8.21551461  2.78389102  4.95268002
  7.19305797  3.79925533  0.7395026   1.77694339]
2.0
[-0.27259611  6.0689723   9.30284249  8.21609034  2.78995286  4.9883814
  7.1697415   3.79614886  0.7430524   1.78130527]
2.0
[-0.23918332  2.84443821  9.26342511  8.16553001  0.81881567  6.0265096
  7.13572186  1.85013745  5.02451654  3.94818886]
2.0
[-0.26524823  4.84021084  9.29501313  7.20208612  2.80056149  6.05870073
  8.19653279  3.81300255  0.78199337  1.80472408]
2.0
[-0.27065473  3.82524198  9.29579671  7.19943292  1.80213293  6.05301559
  8.20340598  2.80709796  0.77687299  4.84731575]
2.0
[-0.27266539  3.81227122  9.29631874  7.1920863   1.78913991  6.06349712
  8.19608616  2.83654076  0.76699889  4.93559192]
2.0
[-0.2747907   4.90142755  9.29907412  7.1775195   1.79567869  3.8848372
  8.15169036  2.81697353  0.76174842  6.06551531]
2.0
[-0.26955746  3.82822596  9.29575948  7.20443808  1.7940807   6.01955145
  8.2026186   2.8020013   0.7806775   4.85423273]
2.0
[-0.24870149  4.85003783  9.23868446  6.08835314  3.83784507  7.23884877
  1.82460448  8.23792698  0.79377662  2.89380637]
2.0
[-0.26188686  3.9037816   9.25574572  4.94493473  2.8596185   7.22214322
  8.1779791   6.08989288  1.90417671  0.80504736]
2.0
Directory: D
[-0.26983424  8.17325817  7.05708913  9.30158346  4.96182823  3.87117372
  2.80025531  6.13902565  1.76960763  0.75529004]
3.0
[-0.26760523  8.23168525  6.10420357  9.30114398  7.16947957  5.12528593
  2.82677913  4.11263087  0.720463    1.734877  ]
3.0
[-0.26366152  8.20688418  3.96806126  9.2986892   6.1457504   6.15362997
  2.79131231  6.1797241   0.7266026   1.75140659]
3.0
[-0.26730813  8.16612871  7.10335481  9.30147546  4.94365928  3.86683645
  2.78991914  6.16243891  0.75682643  1.76088751]
3.0
[-0.26834412  8.12714911  7.06324368  9.30204864  4.90761064  3.82665669
  2.78221436  6.17389514  1.78574755  0.76717879]
3.0
[-0.26493042  8.16336286  7.04408304  9.30210152  4.8823368   3.8236533
  2.78213478  6.16093964  1.78082452  0.76554187]
3.0
[-0.26969127  8.15459584  6.01801246  9.30348208  4.8621022   3.81343153
  2.78993309  7.17240869  1.78626385  0.76316848]
3.0
[-0.26769671  8.12996663  6.03027052  9.30258604  3.80585658  4.86620213
  2.78535895  7.17416631  1.79198843  0.77551978]
3.0
[-0.26737089  7.10092862  5.97520853  9.30167841  3.88164215  4.88145592
  2.7930075   8.17267006  1.77623592  0.7734205 ]
3.0
[-0.26118768  6.13683511  2.80443373  7.23600135  4.94249849  8.25868024
  0.75567487  9.26023501  1.77925292  3.94624292]
7.0
[-0.27293884  8.2532757   7.09792313  9.3006994   5.13918608  6.12805938
  3.92797441  2.98062798  0.7208573   1.7316822 ]
3.0
Directory: E
[-0.27656909  7.19972721  1.75004148  3.81299223  9.30154513  8.26773196
  4.86495196  6.18833611  0.7381601   2.7528156 ]
4.0
[-0.27802674  7.2120178   1.75131432  4.84522085  9.30094888  8.26483109
  3.86081502  6.05733517  0.74493643  2.76746313]
4.0
[-0.27274667  7.16299944  0.74761998  4.83287502  9.29970465  8.27189461
  3.85536313  6.14188358  1.74254965  2.76918142]
4.0
[-0.27854805  7.17162084  1.75662711  3.84410003  9.29296929  8.27180061
  4.8911309   6.11227182  0.76128362  2.79646085]
4.0
[-0.27866485  7.13147749  0.74487777  3.84899076  9.29711846  8.26068403
  4.89839161  6.06682997  1.77434758  2.83560929]
4.0
[-0.27442859  6.10914031  1.75346802  3.82740006  9.29771678  8.26508171
  4.92635068  7.14415939  0.75439949  2.78421131]
4.0
[-0.27426259  6.12075895  0.75177976  3.83976933  9.29848819  8.26054774
  4.91472228  7.13683736  1.75628035  2.78314109]
4.0
[-0.27739175  7.15666659  0.74902947  3.82919783  9.29863133  8.26416964
  4.92085279  6.0820305   1.75732765  2.79518848]
4.0
[-0.27786706  7.14487954  0.74704408  3.83323101  9.29740665  8.2660781
  4.92882305  6.1000303   1.75911678  2.8057355 ]
4.0
[-0.27637182  6.19208861  0.7743291   4.884682    7.24340608  9.26880596
  3.82972279  8.25773647  1.7756187   2.82839193]
5.0
[-0.27184178  4.87076025  0.7531182   2.84421507  8.28240699  9.27956745
  5.03925554  7.06221862  1.77635756  4.9266626 ]
5.0
Directory: F
[-0.27776935  6.11394952  0.75118176  4.80702988  8.26190786  9.30305525
  1.75683826  7.20176563  3.79159795  2.7760944 ]
5.0
[-0.27569288  6.04350836  1.76334349  3.80795047  8.25140029  9.30121518
  0.75485068  7.1842517   4.84885961  2.7932652 ]
5.0
[-0.28010503  4.92677542  1.76964009  2.78570263  8.23291824  9.3011155
  0.76351692  7.2077868   5.90624038  3.84150279]
5.0
[-0.27822179  6.09679051  0.74521172  2.78221716  8.25884146  9.29779646
  1.76846373  7.2299326   3.81464174  4.8535617 ]
5.0
[-0.27803511  6.12630889  0.74713149  2.79406899  8.23416702  9.29910321
  1.75777942  7.22834151  3.83712462  4.89136881]
5.0
[-0.27593682  6.17998788  1.75543659  2.81073435  7.15785141  9.29870476
  0.74698874  8.22214017  3.85744597  5.0236781 ]
5.0
[-0.27637558  6.16985224  1.75239378  2.80365967  7.1815783   9.29913975
  0.74898707  8.21980485  3.86636766  4.9909718 ]
5.0
[-0.2777699   6.15252334  0.74717905  2.79475622  8.24156969  9.29718639
  1.75813402  7.21722476  3.83077366  4.95615809]
5.0
[-0.27811666  6.0696352   0.74023498  2.78705731  8.25709456  9.29670234
  1.76208798  7.23000934  3.85277971  4.91517638]
5.0
[-0.27171861  4.84861195  0.74922092  2.82514509  7.23656336  9.27880614
  1.76772018  8.26432036  3.92603654  6.12224069]
5.0
[-0.26330883  6.07775024  0.76004338  1.77942233  8.26863736  9.28331165
  2.79904043  5.97240908  3.84908376  6.12521362]
5.0
Directory: G
[-0.27238042  3.85133293  7.12663488  4.85463068  8.19235496  5.96394999
  9.30078936  2.84910556  0.75148719  1.8119568 ]
6.0
[-0.27011602  5.95119127  7.16422617  4.85845902  8.22193832  3.81963619
  9.30099079  2.84330071  0.74319282  1.79172388]
6.0
[-0.27261003  4.91868984  5.91199463  3.91449172  8.19930323  7.05901546
  9.29897101  2.847602    0.74624128  1.84629382]
6.0
[-0.2771868   4.89059009  8.18245968  5.99532867  7.20553509  3.81426897
  9.30201162  2.8400957   0.74193612  1.80490231]
6.0
[-0.27624109  4.89251344  8.17909     5.98229328  7.20265415  3.80940941
  9.30177869  2.82188582  0.7426278   1.83053902]
6.0
[-0.27645925  4.88275799  8.18717481  5.97126037  7.20129209  3.80445655
  9.30224097  2.83754229  0.74315187  1.81159373]
6.0
[-0.27688509  4.86868802  8.18182971  6.07074333  7.19498738  3.80410933
  9.30243549  2.86430602  0.74209576  1.79580873]
6.0
[-0.27610611  4.86437336  8.17246298  5.97039127  7.19077916  3.8500233
  9.30187648  2.87144174  0.7431401   1.79516355]
6.0
[-0.27825453  3.9254416   7.12636383  5.9333881   8.18511224  4.89452667
  9.30158869  2.85326149  0.74317883  1.82068816]
6.0
[-0.26839466  2.89370075  5.14191493  3.92054539  6.19574111  9.24425362
  7.18638801  8.24748094  0.75227248  1.81488166]
5.0
[-0.25693187  3.88207157  3.88041868  0.76664222  7.18562567  8.19211405
  9.27479152  1.82898646  3.95472134  6.13767909]
6.0
Directory: H
[-0.25283473  7.20428337  1.7434376   4.88401273  6.13472324  8.24614077
  0.73842217  9.30133719  3.80473119  2.76396131]
7.0
[-0.25624599  7.21984661  1.75598418  4.88064218  5.84504726  8.25724671
  0.73398831  9.30102554  3.83142183  2.77153914]
7.0
[-0.25157137  5.92859794  0.77888785  2.8847853   3.82898131  6.10483602
  1.77456472  9.29779964  5.90830641  8.11559219]
7.0
[-0.25244119  8.21685431  0.73652965  4.9828676   6.07502617  7.20358307
  1.74802604  9.29977865  3.8698877   2.77883097]
7.0
[ 0.74196303  8.22003025 -0.2699831   3.84977328  7.16513115  6.15023192
  1.74726254  9.29978715  5.04491679  2.81877122]
7.0
[ 0.74474124  8.21833117 -0.2682211   3.89647675  6.09298257  7.19543685
  1.74769187  9.29960555  4.94070634  2.80462992]
7.0
[-0.25161162  8.23260078  0.73652232  3.86532809  4.90695824  7.20237012
  1.74891856  9.29867212  5.92422359  2.81758491]
7.0
[ 0.74602985  8.23595972 -0.26961239  2.81490971  7.16693129  5.08095767
  1.74019566  9.29927616  6.13580339  3.83258572]
7.0
[-0.25329561  7.22052208  1.73964881  4.87220068  6.10323588  8.23584401
  0.74227699  9.30113466  3.81632677  2.77131205]
7.0
[-0.25461172  3.93717892  0.73998299  2.85100199  4.87925828  6.21563601
  1.75383987  9.28386198  8.21515081  7.21523888]
7.0
[-0.2544121   8.2531038   0.74250077  4.81090919  7.18791526  6.20684187
  1.76549168  9.29959486  3.77033988  2.76345809]
7.0
Directory: I
[ 2.76377539  5.97291251 -0.27030354  1.75618795  4.86419449  3.90803113
  0.7429738   7.19903412  9.29965077  8.26073668]
8.0
[ 1.75960229  6.03576984 -0.26170976  2.76396904  4.88424374  3.89448822
  0.74166737  7.16813159  9.3003102   8.24729192]
8.0
[ 2.76574745  4.89984142 -0.26163926  1.75725936  3.80893561  6.09808373
  0.73990256  7.21547548  9.30200403  8.22691441]
8.0
[ 1.76473236  6.11077192 -0.2625762   2.76446556  3.84241993  4.86859087
  0.74441589  7.15421969  9.29974923  8.25141306]
8.0
[ 1.7616001   6.10862027 -0.2622321   2.76875434  4.83428297  3.83957759
  0.74325483  7.17579354  9.30012178  8.25198029]
8.0
[ 2.76919533  5.95834838 -0.26962795  1.75697828  4.8385998   3.82594662
  0.74575225  7.19330779  9.29807933  8.27513855]
8.0
[ 1.75922091  6.08775303 -0.26078922  2.7735579   3.83080871  4.85198015
  0.74324677  7.17432903  9.29990642  8.25146091]
8.0
[ 1.76473927  7.12839065 -0.26064253  2.7691473   3.81298031  4.87851399
  0.74701374  6.14126657  9.29885307  8.25412134]
8.0
[ 1.76418444  6.12985088 -0.25687875  2.77012638  3.80929475  4.8518714
  0.74432669  7.17105347  9.29981462  8.24543211]
8.0
[ 0.76620335  4.10123329 -0.26076998  2.7945258   5.13834713  6.18630768
  1.7890213   7.22536369  8.22523308  9.24300364]
9.0
[ 3.78828604  4.79552184  0.75532211  1.74899658  2.74107669  6.20499926
 -0.25757441  8.28429291  9.28521941  7.24308228]
8.0
Directory: J
[ 0.75822381  4.82539634 -0.25732331  1.74995186  2.77548663  3.81186562
  5.85282972  7.13926248  8.25973429  9.303116  ]
9.0
[ 0.75884484  4.82302209 -0.26171529  1.75356323  2.79111937  5.82136779
  3.83202045  7.14537329  8.26236209  9.30193768]
9.0
[ 4.79919764  5.94706898 -0.24530435  0.75533663  1.76844618  3.78555249
  2.79556779  7.14063636  8.25375004  9.29998767]
9.0
[ 0.76837218  4.90166884  1.77389259 -0.2565172   3.85935463  5.94928466
  2.80330475  6.99274159  8.23817764  9.29634584]
9.0
[-0.23665054  5.86785292  1.7815842   0.75987927  2.76377525  3.79823045
  4.84302069  7.14409552  8.24447248  9.2997479 ]
9.0
[-0.23628257  5.84368402  0.76217487  1.75433713  2.77209221  4.8073943
  3.82782387  7.13815521  8.25370664  9.30101688]
9.0
[-0.23796252  5.83556765  1.76637207  0.75226284  2.78651754  4.81564454
  3.8309461   7.1025726   8.25263824  9.30058489]
9.0
[ 0.75917225  4.86743271  1.76613833 -0.26243878  3.8780589   6.95898053
  2.81502821  5.88001108  8.25008663  9.29945367]
9.0
[ 0.7650971   5.92512049  1.7632621  -0.25948334  3.88556361  7.02766704
  2.79862433  4.86689086  8.24682383  9.29791257]
9.0
[-0.26410434  5.07340997  0.77608753  1.77646803  6.11693227  9.2724919
  2.79821405  8.24772829  3.89582002  7.20943061]
5.0
[ 6.00642921  4.93853213  0.74156705 -0.26679759  2.76143455  3.8610064
  1.75921843  7.27398604  8.25494609  9.28306999]
9.0
Directory: Other
[ 7.12198162  2.87704743 -0.21446284  3.87302085  0.7735393   5.05941788
  1.80614974  9.26817765  5.96819489  8.21024845]
7.0
[ 5.98582556  7.20725238  3.88156014  8.15936183 -0.23397464  1.80073965
  1.83303181  9.27135758  1.81264487  4.94111026]
7.0e
[-0.23841393  6.20106799  2.83839669  0.74268745  7.16528448  9.27102319
  1.78576344  8.25469167  3.81240876  4.95195258]
5.0
[-0.24454724  6.20338833  1.8147779   0.7572191   6.18062504  9.22533779
  2.83008484  7.19302125  4.07666788  7.18297037]
5.0
[ 3.88614479  8.24063323  2.93962117  0.8165951   1.81630041  5.9091133
 -0.22453041  9.2553876   7.0620637   4.89316611]
7.0
[ 4.90431855  5.96505133  1.79710945  2.81702927 -0.22759988  3.81685609
  0.80127164  9.28279854  7.10425485  8.22542922]
7.0
[-0.2172805   8.23322292  0.7871824   2.79848433  5.85821942  7.23819329
  1.80146202  9.27734087  3.8094658   4.82752438]
7.0
[ 2.88480351  8.18720964  4.90782079  4.87962861 -0.22527378  1.85763292
  0.85328501  9.27496323  5.88504718  5.90935456]
7.0
[-0.22074076  8.21591785  1.83252101  1.82480141  7.16128088  6.0626785
  4.8843858   9.25690565  1.81845398  3.8797943 ]
7.0
[ 0.82590385  8.2370447  -0.20547024  1.83300402  3.85208995  6.94766173
  4.86703907  9.27247227  2.81601484  5.91265065]
7.0
[ 0.79997538  8.16648837 -0.23970732  2.80216655  6.13865625  7.10797734
  1.80328611  9.27754881  3.88118024  5.08640307]
7.0
[ 1.79323434  8.16135962 -0.23855514  7.08071311  4.85981729  5.98854392
  0.76895407  9.28901052  2.88816506  3.96895735]
7.0
[ 4.88595989  8.23376339  1.81297786  5.86907754  1.7933162   1.79538184
 -0.21387774  9.28586029  6.9167415   3.87774984]
7.0
[-0.20835071  7.13523535  0.78455942  1.80347337  5.02278422  9.26254811
  2.84516161  7.17066569  3.93349507  7.11595392]
5.0
[ 1.8254976   8.22036353  2.8382004  -0.23180865  4.8733848   7.19787105
  0.80985152  9.25272993  3.8228552   6.15344835]
7.0
[ 3.93685107  4.88451663  0.79058315 -0.25709584  6.15773063  8.24608324
  1.79506515  9.23703902  2.8667237   7.21871187]
7.0
[-0.18846615  4.98975435  0.80527796  1.83875238  2.79560691  3.86360669
  6.14668716  9.25916968  8.14424307  7.15871578]
7.0
[-0.19224253  8.18922939  2.8599527   0.7900067   9.20481374  6.1407232
  4.03432787  7.16913549  1.81656313  5.06258251]
4.0
[ 3.86157216  6.08504285  2.86916918  4.91229651 -0.27760923  1.79945359
  0.76771676  9.29317054  7.08346207  8.23885378]
7.0
[ 1.78517503  5.99368053  0.76899464  3.87430703  2.75589581  4.98462901
 -0.25408371  9.29682895  8.18522444  7.18860388]
7.0
[-0.22133002  8.17411353  3.89026154  1.82065673  2.79758943  6.18611885
  0.79640016  9.2647331   7.14537797  4.93474528]
7.0
[-0.22596512  9.22874748  1.86586923  5.03102193  7.16377024  8.17604136
  3.95311843  6.1780249   0.78199227  2.86400524]
1.0
[ 2.83105502  7.210829    5.10793828  8.16666073 -0.27455332  1.76888866
  0.78201832  9.29046865  3.84058379  6.14706958]
7.0
[-0.20815328  8.18630357  4.93578285  6.04280471  0.77513947  7.03121589
  1.79795774  9.28184706  2.84919734  3.86838073]
7.0
[ 0.80531111  8.20452292  4.91770701  6.01567228  2.79281121  7.05844567
 -0.22026729  9.28242176  1.82066812  3.84119458]
7.0
[-0.25569853  9.28166061  5.09593725  6.08829057  3.8467866   7.17199936
  2.80623281  8.23825009  0.76467479  1.78348489]
1.0
[ 7.07222229  8.18943761 -0.24607269  1.79132833  2.82244542  4.86255685
  0.77879736  9.29215034  3.85362673  6.09589728]
7.0
[0.84404401 8.2036634  0.82390585 0.80734155 4.94700312 4.90987669
 2.8651486  9.22396263 5.0095298  7.16325624]
7.0
[ 6.12222853  5.13724502  3.84742965  2.81276035  0.74281082  1.752807
 -0.26494305  9.29122416  8.22138318  7.22491899]
7.0
[ 0.80591387  8.22027195 -0.2021613   4.87858713  2.77852153  7.14872493
  2.8220546   9.28195558  3.83990307  4.86455406]
7.0